#from light to dark

palette_blue <- c("#68979B",
                  "#417C81",
                  "#236267",
                  "#236267",
                  "#012F34")


palette_red <- c("#FFAAAA",
                 "#D46A6A",
                 "#AA3939",
                 "#801515",
                 "#550000")
  
palette_green <- c("#88CC88",
                   "#55AA55",
                   "#2D882D",
                   "#116611",
                   "#004400")
  
palette_brown <- c("#FFD2AA",
                   "#D49C6A",
                   "#AA6E39",
                   "#804715",
                   "#552800")
  
  